21,기본갑빠,1,0
22,기본장화,1,0
23,기본장갑,1,0
24,기본망토,1,0
25,기본마스크,1,0
26,반팔갑빠,2,1
27,슬리퍼,2,1
28,고무장갑,2,1
29,면망토,2,1
30,k80마스크,2,1
31,마법단원의로브,2,2
32,마법단원의신발,2,2
33,마법단원의장갑,2,2
34,마법단원의망토,2,2
35,마법단원의마스크,2,2
36,견습사냥꾼의옷,2,3
37,견습사냥꾼의신발,2,3
38,견습사냥꾼의장갑,2,3
39,견습사냥꾼의망토,2,3
40,견습사냥꾼의마스크,2,3
41,견습기사제복,2,4
42,견습기사신발,2,4
43,견습기사장갑,2,4
44,견습기사망토,2,4
45,견습기사마스크,2,4
46,암살단원의옷,2,5
47,암살단원신발,2,5
48,암살단원장갑,2,5
49,암살단원의망토,2,5
50,암살단원마스크,2,5
51,후드갑빠,3,6
52,운동화,3,6
53,가죽장갑,3,6
54,비단망토,3,6
55,k94마스크,3,6
56,사제의로브,3,7
57,사제의신발,3,7
58,사제의장갑,3,7
59,사제의망토,3,7
60,사제의마스크,3,7
61,전설의사냥꾼옷,3,8
62,전설의사냥꾼신발,3,8
63,전설의사냥꾼장갑,3,8
64,전설의사냥꾼망토,3,8
65,전설의사냥꾼마스크,3,8
66,기사단장제복,3,9
67,기사단장부츠,3,9
68,기사단장장갑,3,9
69,기사단장망토,3,9
70,기사단장마스크,3,9
71,암살단장의옷,3,10
72,암살단장부츠,3,10
73,암살단장장갑,3,10
74,암살단장망토,3,10
75,암살단장마스크,3,10
76,용갑빠,4,11
77,에어조단,4,11
78,아다만티움장갑,4,11
79,방탄망토,4,11
80,타이거마스크,4,11
81,천사의로브,4,12
82,천사의발걸음,4,12
83,천사의손길,4,12
84,천사의날개,4,12
85,천사의미소,4,12
86,엘프의옷,4,13
87,엘프슈즈,4,13
88,요정의손짓,4,13
89,요정의날개,4,13
90,별빛스카프,4,13
91,황실제복,4,14
92,황실부츠,4,14
93,황실건틀릿,4,14
94,금빛망토,4,14
95,황실바이저,4,14
96,방랑자의옷,4,15
97,방랑자의그림자,4,15
98,방랑자의권능,4,15
99,크로우윙,4,15
100,스컬마스크,4,15