1,기본검,1,0
2,기본스태프,1,0
3,기본활,1,0
4,기본창,1,0
5,기본단검,1,0
6,기본갑빠,1,0
7,기본장화,1,0
8,기본장갑,1,0
9,기본망토,1,0
10,기본마스크,1,0
11,장검,2,1
12,반팔갑빠,2,1
13,슬리퍼,2,1
14,고무장갑,2,1
15,면망토,2,1
16,k80마스크,2,1
17,모험가의스태프,2,2
18,마법단원의로브,2,2
19,마법단원의신발,2,2
20,마법단원의장갑,2,2
21,마법단원의망토,2,2
22,마법단원의마스크,2,2
23,튼튼한활,2,3
24,견습사냥꾼의옷,2,3
25,견습사냥꾼의신발,2,3
26,견습사냥꾼의장갑,2,3
27,견습사냥꾼의망토,2,3
28,견습사냥꾼의마스크,2,3
29,경비병의창,2,4
30,견습기사제복,2,4
31,견습기사신발,2,4
32,견습기사장갑,2,4
33,견습기사망토,2,4
34,견습기사마스크,2,4
35,날카로운단검,2,5
36,암살단원의옷,2,5
37,암살단원신발,2,5
38,암살단원장갑,2,5
39,암살단원의망토,2,5
40,암살단원마스크,2,5
41,일본도,3,6
42,후드갑빠,3,6
43,운동화,3,6
44,가죽장갑,3,6
45,비단망토,3,6
46,k94마스크,3,6
47,사제의스태프,3,7
48,사제의로브,3,7
49,사제의신발,3,7
50,사제의장갑,3,7
51,사제의망토,3,7
52,사제의마스크,3,7
53,강철대궁,3,8
54,전설의사냥꾼옷,3,8
55,전설의사냥꾼신발,3,8
56,전설의사냥꾼장갑,3,8
57,전설의사냥꾼망토,3,8
58,전설의사냥꾼마스크,3,8
59,기사단의창,3,9
60,기사단장제복,3,9
61,기사단장부츠,3,9
62,기사단장장갑,3,9
63,기사단장망토,3,9
64,기사단장마스크,3,9
65,검은단검,3,10
66,암살단장의옷,3,10
67,암살단장부츠,3,10
68,암살단장장갑,3,10
69,암살단장망토,3,10
70,암살단장마스크,3,10
71,싸울아비장검,4,11
72,용갑빠,4,11
73,에어조단,4,11
74,아다만티움장갑,4,11
75,방탄망토,4,11
76,타이거마스크,4,11
77,천상의스태프,4,12
78,천사의로브,4,12
79,천사의발걸음,4,12
80,천사의손길,4,12
81,천사의날개,4,12
82,천사의미소,4,12
83,세계수의활,4,13
84,엘프의옷,4,13
85,엘프슈즈,4,13
86,요정의손짓,4,13
87,요정의날개,4,13
88,별빛스카프,4,13
89,롱기누스의창,4,14
90,황실제복,4,14
91,황실부츠,4,14
92,황실건틀릿,4,14
93,금빛망토,4,14
94,황실바이저,4,14
95,죽음의비수,4,15
96,방랑자의옷,4,15
97,방랑자의그림자,4,15
98,방랑자의권능,4,15
99,크로우윙,4,15
100,스컬마스크,4,15